Year,Food imports (% of merchandise imports),Fuel imports (% of merchandise imports)
1992,12.49990295,9.638815765
1993,8.977339689,9.892010557
1994,11.192911,11.26876423
1995,11.7896442,11.60002569
1996,11.25331517,11.01044041
1997,10.4472929,9.316661847
1998,9.687792935,7.109415573
1999,8.460247164,11.03932969
2000,8.277969128,14.51221314
2001,8.823567075,12.85231031
2002,8.909017642,12.2174042
2003,8.43596209,10.9419258
2004,8.36717767,11.97695937
2005,8.313900393,15.11861702
2006,8.255557241,15.88651565
2007,7.958333592,15.21140341
2008,8.190360482,17.57137479
2009,10.12861101,16.91728329
2010,10.37940961,18.8433617
2011,10.9437713,21.79594187
2012,11.76956986,23.15674024
2013,12.30467947,21.71824344
2014,12.97106048,18.62832143
2015,13.19916308,15.19573349
2016,12.90235762,12.3108652
2017,12.98225596,13.27476972
2018,12.38168224,13.54416344
2019,13.27456849,12.19212071
2020,13.57973121,8.498069635
2021,12.82747876,13.59175378
2022,11.44859397,25.46509083
2023,13.9255559,16.14051447
2024,14.321451,15.54336841
